Matrix:  
Number of rows = 66
Number of columns = 66
+----------+----------+----------+----------+----------+----------+----------+----------+----------+----------+----------+----------+----------+----------+----------+----------+----------+----------+----------+----------+----------+----------+----------+----------+----------+----------+----------+----------+----------+----------+----------+----------+----------+----------+----------+----------+----------+----------+----------+----------+----------+----------+----------+----------+----------+----------+----------+----------+----------+----------+----------+----------+----------+----------+----------+----------+----------+----------+----------+----------+----------+----------+----------+----------+----------+----------+
|-0.463018 |0         |0         |0         |0         |0         |0         |0         |0         |0         |0         |0         |0         |0         |0         |0         |0         |0         |0         |0         |0         |0         |0         |0         |0         |0         |0         |0         |0         |0         |0         |0         |0         |0         |0         |0         |0         |0         |0         |0         |0         |0         |0         |0         |0         |0         |0         |0         |0         |0         |0         |0         |0         |0         |0         |0         |0         |0         |0         |0         |0         |nan       |nan       |nan       |nan       |nan       |
+----------+----------+----------+----------+----------+----------+----------+----------+----------+----------+----------+----------+----------+----------+----------+----------+----------+----------+----------+----------+----------+----------+----------+----------+----------+----------+----------+----------+----------+----------+----------+----------+----------+----------+----------+----------+----------+----------+----------+----------+----------+----------+----------+----------+----------+----------+----------+----------+----------+----------+----------+----------+----------+----------+----------+----------+----------+----------+----------+----------+----------+----------+----------+----------+----------+----------+
|-0.420138 |0.0548602 |0.0621739 |0.0621739 |0.0757424 |0.0757424 |0.0784899 |0.076833  |0.0650213 |0.0650213 |0.0522997 |0.0478293 |0.0441774 |0.0411252 |0.0385279 |0.0362858 |0.0343273 |0.0325994 |0.0310621 |0.0296846 |0.0273161 |0.0263139 |0.0254034 |0.0245716 |0.0238078 |0.0231031 |0.0224503 |0.0218434 |0.0212772 |0.0207475 |-0.00482985|-0.00494397|-0.0050653|-0.00519462|-0.00533284|-0.00548101|-0.00564039|-0.00581243|-0.00599893|-0.006202 |-0.00666897|-0.00694394|-0.0072472|-0.00758351|-0.00795882|-0.00838066|-0.00885883|-0.00940622|-0.0100403|-0.0107855|-0.0127685|-0.0158743|-0.0175045|-0.0175045|-0.0191626|-0.0191626|-0.0184918|-0.0170014|-0.0133936|-0.0133936|-0.0118111|nan       |nan       |nan       |nan       |nan       |
+----------+----------+----------+----------+----------+----------+----------+----------+----------+----------+----------+----------+----------+----------+----------+----------+----------+----------+----------+----------+----------+----------+----------+----------+----------+----------+----------+----------+----------+----------+----------+----------+----------+----------+----------+----------+----------+----------+----------+----------+----------+----------+----------+----------+----------+----------+----------+----------+----------+----------+----------+----------+----------+----------+----------+----------+----------+----------+----------+----------+----------+----------+----------+----------+----------+----------+
|-0.377593 |-0.483088 |0.123862  |0.123862  |0.150893  |0.150893  |0.156367  |0.153066  |0.129535  |0.129535  |0.104191  |0.0952851 |0.0880099 |0.0819292 |0.076755  |0.0722883 |0.0683864 |0.0649441 |0.0618816 |0.0591373 |0.0544189 |0.0524222 |0.0506085 |0.0489514 |0.0474296 |0.0460257 |0.0447252 |0.0435161 |0.0423883 |0.041333  |-0.00950521|-0.0097298|-0.00996858|-0.0102231|-0.0104951|-0.0107867|-0.0111003|-0.0114389|-0.011806 |-0.0122056|-0.0131246|-0.0136658|-0.0142626|-0.0149244|-0.015663 |-0.0164933|-0.0174343|-0.0185116|-0.0197594|-0.021226 |-0.0251285|-0.0312408|-0.034449 |-0.034449 |-0.0377121|-0.0377121|-0.036392 |-0.033459 |-0.0263587|-0.0263587|-0.0232444|nan       |nan       |nan       |nan       |nan       |
+----------+----------+----------+----------+----------+----------+----------+----------+----------+----------+----------+----------+----------+----------+----------+----------+----------+----------+----------+----------+----------+----------+----------+----------+----------+----------+----------+----------+----------+----------+----------+----------+----------+----------+----------+----------+----------+----------+----------+----------+----------+----------+----------+----------+----------+----------+----------+----------+----------+----------+----------+----------+----------+----------+----------+----------+----------+----------+----------+----------+----------+----------+----------+----------+----------+----------+
|-0.335718 |-0.429513 |-0.486774 |-0.486774 |0.224861  |0.224861  |0.233018  |0.228099  |0.193033  |0.193033  |0.155265  |0.141994  |0.131152  |0.122091  |0.11438   |0.107724  |0.101909  |0.0967798 |0.092216  |0.0881265 |0.0810951 |0.0781196 |0.0754168 |0.0729474 |0.0706796 |0.0685875 |0.0666495 |0.0648477 |0.063167  |0.0615944 |-0.0138716|-0.0141993|-0.0145478|-0.0149192|-0.0153162|-0.0157417|-0.0161995|-0.0166936|-0.0172292|-0.0178125|-0.0191536|-0.0199433|-0.0208143|-0.0217802|-0.0228581|-0.0240697|-0.025443 |-0.0270151|-0.0288363|-0.0309765|-0.0366717|-0.0455918|-0.0502738|-0.0502738|-0.0550358|-0.0550358|-0.0531093|-0.048829 |-0.038467 |-0.038467 |-0.033922 |nan       |nan       |nan       |nan       |nan       |
+----------+----------+----------+----------+----------+----------+----------+----------+----------+----------+----------+----------+----------+----------+----------+----------+----------+----------+----------+----------+----------+----------+----------+----------+----------+----------+----------+----------+----------+----------+----------+----------+----------+----------+----------+----------+----------+----------+----------+----------+----------+----------+----------+----------+----------+----------+----------+----------+----------+----------+----------+----------+----------+----------+----------+----------+----------+----------+----------+----------+----------+----------+----------+----------+----------+----------+
|-0.294847 |-0.377224 |-0.427513 |-0.427513 |0.297055  |0.297055  |0.30783   |0.301332  |0.255007  |0.255007  |0.205115  |0.187582  |0.17326   |0.161289  |0.151103  |0.14231   |0.134628  |0.127852  |0.121823  |0.11642   |0.107131  |0.1032    |0.0996299 |0.0963677 |0.0933718 |0.090608  |0.0880478 |0.0856676 |0.0834472 |0.0813698 |-0.0177745|-0.0181944|-0.0186409|-0.0191169|-0.0196255|-0.0201708|-0.0207573|-0.0213905|-0.0220768|-0.0228241|-0.0245426|-0.0255546|-0.0266706|-0.0279083|-0.0292894|-0.0308419|-0.0326016|-0.0346161|-0.0369496|-0.0396919|-0.0469895|-0.0584195|-0.0644187|-0.0644187|-0.0705206|-0.0705206|-0.068052 |-0.0625674|-0.04929  |-0.04929  |-0.0434663|nan       |nan       |nan       |nan       |nan       |
+----------+----------+----------+----------+----------+----------+----------+----------+----------+----------+----------+----------+----------+----------+----------+----------+----------+----------+----------+----------+----------+----------+----------+----------+----------+----------+----------+----------+----------+----------+----------+----------+----------+----------+----------+----------+----------+----------+----------+----------+----------+----------+----------+----------+----------+----------+----------+----------+----------+----------+----------+----------+----------+----------+----------+----------+----------+----------+----------+----------+----------+----------+----------+----------+----------+----------+
|-0.255316 |-0.326648 |-0.370195 |-0.370195 |-0.450984 |-0.450984 |0.38019   |0.372165  |0.314951  |0.314951  |0.25333   |0.231676  |0.213987  |0.199203  |0.186622  |0.175762  |0.166275  |0.157905  |0.150459  |0.143786  |0.132314  |0.127459  |0.123049  |0.11902   |0.11532   |0.111907  |0.108745  |0.105805  |0.103063  |0.100497  |-0.0210594|-0.021557 |-0.022086 |-0.0226499|-0.0232525|-0.0238986|-0.0245935|-0.0253437|-0.0261568|-0.0270423|-0.0290784|-0.0302773|-0.0315996|-0.033066 |-0.0347024|-0.0365418|-0.0386267|-0.0410135|-0.0437782|-0.0470274|-0.0556737|-0.069216 |-0.0763239|-0.0763239|-0.0835535|-0.0835535|-0.0806287|-0.0741305|-0.0583993|-0.0583993|-0.0514993|nan       |nan       |nan       |nan       |nan       |
+----------+----------+----------+----------+----------+----------+----------+----------+----------+----------+----------+----------+----------+----------+----------+----------+----------+----------+----------+----------+----------+----------+----------+----------+----------+----------+----------+----------+----------+----------+----------+----------+----------+----------+----------+----------+----------+----------+----------+----------+----------+----------+----------+----------+----------+----------+----------+----------+----------+----------+----------+----------+----------+----------+----------+----------+----------+----------+----------+----------+----------+----------+----------+----------+----------+----------+
|-0.217459 |-0.278214 |-0.315304 |-0.315304 |-0.384115 |-0.384115 |-0.398048 |0.439997  |0.372355  |0.372355  |0.299503  |0.273903  |0.25299   |0.23551   |0.220637  |0.207797  |0.196581  |0.186686  |0.177882  |0.169994  |0.15643   |0.150691  |0.145477  |0.140714  |0.136339  |0.132304  |0.128565  |0.12509   |0.121848  |0.118814  |-0.0235718|-0.0241288|-0.0247209|-0.025352 |-0.0260266|-0.0267497|-0.0275276|-0.0283672|-0.0292774|-0.0302685|-0.0325475|-0.0338894|-0.0353695|-0.0370109|-0.0388425|-0.0409013|-0.043235 |-0.0459065|-0.0490011|-0.0526379|-0.0623157|-0.0774736|-0.0854296|-0.0854296|-0.0935217|-0.0935217|-0.0902479|-0.0829744|-0.0653665|-0.0653665|-0.0576433|nan       |nan       |nan       |nan       |nan       |
+----------+----------+----------+----------+----------+----------+----------+----------+----------+----------+----------+----------+----------+----------+----------+----------+----------+----------+----------+----------+----------+----------+----------+----------+----------+----------+----------+----------+----------+----------+----------+----------+----------+----------+----------+----------+----------+----------+----------+----------+----------+----------+----------+----------+----------+----------+----------+----------+----------+----------+----------+----------+----------+----------+----------+----------+----------+----------+----------+----------+----------+----------+----------+----------+----------+----------+
|-0.181611 |-0.232351 |-0.263327 |-0.263327 |-0.320794 |-0.320794 |-0.33243  |-0.325413 |0.426713  |0.426713  |0.343226  |0.313888  |0.289922  |0.269891  |0.252846  |0.238132  |0.225279  |0.213939  |0.20385   |0.19481   |0.179267  |0.172689  |0.166714  |0.161256  |0.156243  |0.151618  |0.147334  |0.143351  |0.139635  |0.136159  |-0.0251573|-0.0257517|-0.0263837|-0.0270572|-0.0277772|-0.028549 |-0.0293791|-0.0302752|-0.0312466|-0.0323044|-0.0347367|-0.0361689|-0.0377485|-0.0395002|-0.0414551|-0.0436524|-0.046143 |-0.0489942|-0.052297 |-0.0561784|-0.0665071|-0.0826845|-0.0911756|-0.0911756|-0.099812 |-0.099812 |-0.0963181|-0.0885554|-0.0697631|-0.0697631|-0.0615204|nan       |nan       |nan       |nan       |nan       |
+----------+----------+----------+----------+----------+----------+----------+----------+----------+----------+----------+----------+----------+----------+----------+----------+----------+----------+----------+----------+----------+----------+----------+----------+----------+----------+----------+----------+----------+----------+----------+----------+----------+----------+----------+----------+----------+----------+----------+----------+----------+----------+----------+----------+----------+----------+----------+----------+----------+----------+----------+----------+----------+----------+----------+----------+----------+----------+----------+----------+----------+----------+----------+----------+----------+----------+
|-0.148107 |-0.189486 |-0.214748 |-0.214748 |-0.261613 |-0.261613 |-0.271103 |-0.26538  |0.477517  |0.477517  |0.38409   |0.351259  |0.324439  |0.302023  |0.282949  |0.266483  |0.2521    |0.23941   |0.22812   |0.218004  |0.20061   |0.193249  |0.186563  |0.180454  |0.174844  |0.169669  |0.164875  |0.160418  |0.15626   |0.15237   |-0.0256613|-0.0262676|-0.0269122|-0.0275993|-0.0283337|-0.0291209|-0.0299677|-0.0308818|-0.0318726|-0.0329516|-0.0354326|-0.0368935|-0.0385047|-0.0402916|-0.0422856|-0.0445269|-0.0470674|-0.0499757|-0.0533447|-0.0573039|-0.0678395|-0.084341 |-0.0930022|-0.0930022|-0.101812 |-0.101812 |-0.0982477|-0.0903295|-0.0711608|-0.0711608|-0.0627529|nan       |nan       |nan       |nan       |nan       |
+----------+----------+----------+----------+----------+----------+----------+----------+----------+----------+----------+----------+----------+----------+----------+----------+----------+----------+----------+----------+----------+----------+----------+----------+----------+----------+----------+----------+----------+----------+----------+----------+----------+----------+----------+----------+----------+----------+----------+----------+----------+----------+----------+----------+----------+----------+----------+----------+----------+----------+----------+----------+----------+----------+----------+----------+----------+----------+----------+----------+----------+----------+----------+----------+----------+----------+
|-0.117282 |-0.15005  |-0.170054 |-0.170054 |-0.207165 |-0.207165 |-0.21468  |-0.210148 |-0.177842 |-0.177842 |0.421686  |0.385641  |0.356197  |0.331587  |0.310646  |0.292568  |0.276776  |0.262844  |0.25045   |0.239343  |0.220246  |0.212165  |0.204825  |0.198118  |0.191959  |0.186277  |0.181014  |0.17612   |0.171555  |0.167284  |-0.0249293|-0.0255183|-0.0261446|-0.0268121|-0.0275255|-0.0282903|-0.0291129|-0.0300009|-0.0309635|-0.0320117|-0.0344219|-0.0358411|-0.0374064|-0.0391423|-0.0410794|-0.0432568|-0.0457249|-0.0485502|-0.0518231|-0.0556693|-0.0659045|-0.0819353|-0.0903494|-0.0903494|-0.0989076|-0.0989076|-0.0954453|-0.0877529|-0.069131 |-0.069131 |-0.060963 |nan       |nan       |nan       |nan       |nan       |
+----------+----------+----------+----------+----------+----------+----------+----------+----------+----------+----------+----------+----------+----------+----------+----------+----------+----------+----------+----------+----------+----------+----------+----------+----------+----------+----------+----------+----------+----------+----------+----------+----------+----------+----------+----------+----------+----------+----------+----------+----------+----------+----------+----------+----------+----------+----------+----------+----------+----------+----------+----------+----------+----------+----------+----------+----------+----------+----------+----------+----------+----------+----------+----------+----------+----------+
|-0.0894715|-0.114469 |-0.129729 |-0.129729 |-0.158041 |-0.158041 |-0.163773 |-0.160316 |-0.13567  |-0.13567  |0.455606  |0.416662  |0.384849  |0.35826   |0.335634  |0.316102  |0.29904   |0.283987  |0.270596  |0.258596  |0.237963  |0.229232  |0.221301  |0.214055  |0.2074    |0.201261  |0.195574  |0.190287  |0.185355  |0.180741  |-0.0228069|-0.0233458|-0.0239187|-0.0245294|-0.025182 |-0.0258817|-0.0266343|-0.0274467|-0.0283273|-0.0292863|-0.0314913|-0.0327897|-0.0342218|-0.0358098|-0.0375821|-0.039574 |-0.041832 |-0.0444168|-0.047411 |-0.0509298|-0.0602935|-0.0749595|-0.0826573|-0.0826573|-0.0904868|-0.0904868|-0.0873194|-0.0802819|-0.0632453|-0.0632453|-0.0557727|nan       |nan       |nan       |nan       |nan       |
+----------+----------+----------+----------+----------+----------+----------+----------+----------+----------+----------+----------+----------+----------+----------+----------+----------+----------+----------+----------+----------+----------+----------+----------+----------+----------+----------+----------+----------+----------+----------+----------+----------+----------+----------+----------+----------+----------+----------+----------+----------+----------+----------+----------+----------+----------+----------+----------+----------+----------+----------+----------+----------+----------+----------+----------+----------+----------+----------+----------+----------+----------+----------+----------+----------+----------+
|-0.0894715|-0.114469 |-0.129729 |-0.129729 |-0.158041 |-0.158041 |-0.163773 |-0.160316 |-0.13567  |-0.13567  |-0.109126 |0.416662  |0.384849  |0.35826   |0.335634  |0.316102  |0.29904   |0.283987  |0.270596  |0.258596  |0.237963  |0.229232  |0.221301  |0.214055  |0.2074    |0.201261  |0.195574  |0.190287  |0.185355  |0.180741  |-0.0228069|-0.0233458|-0.0239187|-0.0245294|-0.025182 |-0.0258817|-0.0266343|-0.0274467|-0.0283273|-0.0292863|-0.0314913|-0.0327897|-0.0342218|-0.0358098|-0.0375821|-0.039574 |-0.041832 |-0.0444168|-0.047411 |-0.0509298|-0.0602935|-0.0749595|-0.0826573|-0.0826573|-0.0904868|-0.0904868|-0.0873194|-0.0802819|-0.0632453|-0.0632453|-0.0557727|nan       |nan       |nan       |nan       |nan       |
+----------+----------+----------+----------+----------+----------+----------+----------+----------+----------+----------+----------+----------+----------+----------+----------+----------+----------+----------+----------+----------+----------+----------+----------+----------+----------+----------+----------+----------+----------+----------+----------+----------+----------+----------+----------+----------+----------+----------+----------+----------+----------+----------+----------+----------+----------+----------+----------+----------+----------+----------+----------+----------+----------+----------+----------+----------+----------+----------+----------+----------+----------+----------+----------+----------+----------+
|-0.0820829|-0.105016 |-0.119016 |-0.119016 |-0.14499  |-0.14499  |-0.150249 |-0.147077 |-0.124467 |-0.124467 |-0.100114 |-0.091557 |0.392461  |0.365346  |0.342272  |0.322354  |0.304955  |0.289605  |0.275948  |0.26371   |0.24267   |0.233766  |0.225678  |0.218288  |0.211502  |0.205242  |0.199443  |0.194051  |0.189021  |0.184316  |-0.0219433|-0.0224618|-0.023013 |-0.0236006|-0.0242285|-0.0249017|-0.0256258|-0.0264074|-0.0272547|-0.0281774|-0.0302989|-0.0315482|-0.032926 |-0.0344539|-0.036159 |-0.0380756|-0.040248 |-0.042735 |-0.0456158|-0.0490014|-0.0580106|-0.0721212|-0.0795276|-0.0795276|-0.0870606|-0.0870606|-0.0840131|-0.077242 |-0.0608506|-0.0608506|-0.0536609|nan       |nan       |nan       |nan       |nan       |
+----------+----------+----------+----------+----------+----------+----------+----------+----------+----------+----------+----------+----------+----------+----------+----------+----------+----------+----------+----------+----------+----------+----------+----------+----------+----------+----------+----------+----------+----------+----------+----------+----------+----------+----------+----------+----------+----------+----------+----------+----------+----------+----------+----------+----------+----------+----------+----------+----------+----------+----------+----------+----------+----------+----------+----------+----------+----------+----------+----------+----------+----------+----------+----------+----------+----------+
|-0.0748878|-0.0958105|-0.108584 |-0.108584 |-0.13228  |-0.13228  |-0.137079 |-0.134185 |-0.113556 |-0.113556 |-0.0913388|-0.0835315|-0.0771537|0.372246  |0.348737  |0.328443  |0.310715  |0.295075  |0.28116   |0.268691  |0.247253  |0.238181  |0.22994   |0.222411  |0.215497  |0.209118  |0.20321   |0.197716  |0.192592  |0.187797  |-0.0209905|-0.0214864|-0.0220137|-0.0225757|-0.0231764|-0.0238204|-0.024513 |-0.0252607|-0.0260712|-0.0269538|-0.0289832|-0.0301782|-0.0314962|-0.0329578|-0.0345889|-0.0364222|-0.0385003|-0.0408793|-0.043635 |-0.0468735|-0.0554915|-0.0689895|-0.0760742|-0.0760742|-0.0832801|-0.0832801|-0.0803649|-0.0738879|-0.0582083|-0.0582083|-0.0513308|nan       |nan       |nan       |nan       |nan       |
+----------+----------+----------+----------+----------+----------+----------+----------+----------+----------+----------+----------+----------+----------+----------+----------+----------+----------+----------+----------+----------+----------+----------+----------+----------+----------+----------+----------+----------+----------+----------+----------+----------+----------+----------+----------+----------+----------+----------+----------+----------+----------+----------+----------+----------+----------+----------+----------+----------+----------+----------+----------+----------+----------+----------+----------+----------+----------+----------+----------+----------+----------+----------+----------+----------+----------+
|-0.0678917|-0.0868598|-0.0984395|-0.0984395|-0.119922 |-0.119922 |-0.124273 |-0.121649 |-0.102948 |-0.102948 |-0.0828058|-0.0757278|-0.0699458|-0.0651132|0.355023  |0.334363  |0.316315  |0.300393  |0.286228  |0.273535  |0.25171   |0.242474  |0.234085  |0.22642   |0.219382  |0.212888  |0.206873  |0.20128   |0.196063  |0.191182  |-0.0199458|-0.0204171|-0.0209182|-0.0214522|-0.022023 |-0.0226349|-0.0232931|-0.0240036|-0.0247738|-0.0256124|-0.0275408|-0.0286764|-0.0299288|-0.0313176|-0.0328675|-0.0346096|-0.0365843|-0.0388448|-0.0414634|-0.0445408|-0.0527299|-0.0655561|-0.0722883|-0.0722883|-0.0791356|-0.0791356|-0.0763654|-0.0702108|-0.0553114|-0.0553114|-0.0487762|nan       |nan       |nan       |nan       |nan       |
+----------+----------+----------+----------+----------+----------+----------+----------+----------+----------+----------+----------+----------+----------+----------+----------+----------+----------+----------+----------+----------+----------+----------+----------+----------+----------+----------+----------+----------+----------+----------+----------+----------+----------+----------+----------+----------+----------+----------+----------+----------+----------+----------+----------+----------+----------+----------+----------+----------+----------+----------+----------+----------+----------+----------+----------+----------+----------+----------+----------+----------+----------+----------+----------+----------+----------+
|-0.0610998|-0.0781703|-0.0885917|-0.0885917|-0.107925 |-0.107925 |-0.11184  |-0.109479 |-0.0926489|-0.0926489|-0.0745219|-0.068152 |-0.0629485|-0.0585993|-0.0548985|0.34011   |0.321753  |0.305557  |0.291148  |0.278236  |0.256037  |0.246642  |0.238109  |0.230312  |0.223152  |0.216547  |0.210428  |0.20474   |0.199433  |0.194468  |-0.018807 |-0.0192513|-0.0197238|-0.0202274|-0.0207656|-0.0213425|-0.0219631|-0.022633 |-0.0233592|-0.02415  |-0.0259683|-0.027039 |-0.0282199|-0.0295295|-0.0309908|-0.0326335|-0.0344954|-0.0366269|-0.039096 |-0.0419976|-0.0497192|-0.061813 |-0.0681608|-0.0681608|-0.0746171|-0.0746171|-0.0720051|-0.0662019|-0.0521533|-0.0521533|-0.0459912|nan       |nan       |nan       |nan       |nan       |
+----------+----------+----------+----------+----------+----------+----------+----------+----------+----------+----------+----------+----------+----------+----------+----------+----------+----------+----------+----------+----------+----------+----------+----------+----------+----------+----------+----------+----------+----------+----------+----------+----------+----------+----------+----------+----------+----------+----------+----------+----------+----------+----------+----------+----------+----------+----------+----------+----------+----------+----------+----------+----------+----------+----------+----------+----------+----------+----------+----------+----------+----------+----------+----------+----------+----------+
|-0.0545176|-0.0697491|-0.0790478|-0.0790478|-0.0962988|-0.0962988|-0.099792 |-0.0976854|-0.0826679|-0.0826679|-0.0664938|-0.0608101|-0.0561671|-0.0522864|-0.0489843|-0.0461337|0.327022  |0.310561  |0.295916  |0.282793  |0.26023   |0.250682  |0.242008  |0.234084  |0.226807  |0.220094  |0.213875  |0.208093  |0.202699  |0.197653  |-0.0175714|-0.0179866|-0.018428 |-0.0188984|-0.0194013|-0.0199404|-0.0205202|-0.0211461|-0.0218246|-0.0225634|-0.0242622|-0.0252626|-0.0263659|-0.0275894|-0.0289548|-0.0304895|-0.0322291|-0.0342205|-0.0365274|-0.0392385|-0.0464527|-0.057752 |-0.0636827|-0.0636827|-0.0697149|-0.0697149|-0.0672745|-0.0618525|-0.0487269|-0.0487269|-0.0429697|nan       |nan       |nan       |nan       |nan       |
+----------+----------+----------+----------+----------+----------+----------+----------+----------+----------+----------+----------+----------+----------+----------+----------+----------+----------+----------+----------+----------+----------+----------+----------+----------+----------+----------+----------+----------+----------+----------+----------+----------+----------+----------+----------+----------+----------+----------+----------+----------+----------+----------+----------+----------+----------+----------+----------+----------+----------+----------+----------+----------+----------+----------+----------+----------+----------+----------+----------+----------+----------+----------+----------+----------+----------+
|-0.0481504|-0.061603 |-0.0698157|-0.0698157|-0.0850519|-0.0850519|-0.0881371|-0.0862765|-0.073013 |-0.073013 |-0.0587279|-0.053708 |-0.0496073|-0.0461798|-0.0432634|-0.0407457|-0.0385464|0.315402  |0.300529  |0.287201  |0.264286  |0.254589  |0.245781  |0.237733  |0.230342  |0.223524  |0.217208  |0.211336  |0.205859  |0.200734  |-0.0162366|-0.0166202|-0.0170281|-0.0174628|-0.0179275|-0.0184256|-0.0189614|-0.0195397|-0.0201667|-0.0208494|-0.0224192|-0.0233435|-0.024363 |-0.0254936|-0.0267553|-0.0281734|-0.0297809|-0.031621 |-0.0337526|-0.0362577|-0.0429239|-0.0533649|-0.0588451|-0.0588451|-0.064419 |-0.064419 |-0.0621641|-0.057154 |-0.0450254|-0.0450254|-0.0397055|nan       |nan       |nan       |nan       |nan       |
+----------+----------+----------+----------+----------+----------+----------+----------+----------+----------+----------+----------+----------+----------+----------+----------+----------+----------+----------+----------+----------+----------+----------+----------+----------+----------+----------+----------+----------+----------+----------+----------+----------+----------+----------+----------+----------+----------+----------+----------+----------+----------+----------+----------+----------+----------+----------+----------+----------+----------+----------+----------+----------+----------+----------+----------+----------+----------+----------+----------+----------+----------+----------+----------+----------+----------+
|-0.0420036|-0.0537389|-0.0609031|-0.0609031|-0.0741943|-0.0741943|-0.0768857|-0.0752627|-0.0636923|-0.0636923|-0.0512308|-0.0468517|-0.0432745|-0.0402846|-0.0377405|-0.0355442|-0.0336256|-0.0319331|0.304981  |0.291456  |0.268202  |0.258361  |0.249422  |0.241255  |0.233755  |0.226836  |0.220426  |0.214468  |0.208909  |0.203708  |-0.0148001|-0.0151498|-0.0155216|-0.0159179|-0.0163414|-0.0167955|-0.0172838|-0.017811 |-0.0183825|-0.0190048|-0.0204357|-0.0212783|-0.0222076|-0.0232381|-0.0243882|-0.0256808|-0.0271461|-0.0288234|-0.0307665|-0.0330499|-0.0391264|-0.0486436|-0.053639 |-0.053639 |-0.0587198|-0.0587198|-0.0566643|-0.0520974|-0.0410419|-0.0410419|-0.0361927|nan       |nan       |nan       |nan       |nan       |
+----------+----------+----------+----------+----------+----------+----------+----------+----------+----------+----------+----------+----------+----------+----------+----------+----------+----------+----------+----------+----------+----------+----------+----------+----------+----------+----------+----------+----------+----------+----------+----------+----------+----------+----------+----------+----------+----------+----------+----------+----------+----------+----------+----------+----------+----------+----------+----------+----------+----------+----------+----------+----------+----------+----------+----------+----------+----------+----------+----------+----------+----------+----------+----------+----------+----------+
|-0.0360826|-0.0461636|-0.052318 |-0.052318 |-0.0637356|-0.0637356|-0.0660476|-0.0646533|-0.054714 |-0.054714 |-0.0440091|-0.0402473|-0.0371743|-0.0346059|-0.0324204|-0.0305337|-0.0288856|-0.0274316|-0.0261381|0.295555  |0.271974  |0.261994  |0.25293   |0.244648  |0.237042  |0.230026  |0.223526  |0.217484  |0.211847  |0.206573  |-0.0132595|-0.0135728|-0.0139058|-0.0142609|-0.0146403|-0.0150471|-0.0154846|-0.015957 |-0.0164689|-0.0170264|-0.0183084|-0.0190633|-0.0198958|-0.0208191|-0.0218494|-0.0230075|-0.0243203|-0.025823 |-0.0275638|-0.0296095|-0.0350534|-0.04358  |-0.0480553|-0.0480553|-0.0526072|-0.0526072|-0.0507657|-0.0466743|-0.0367696|-0.0367696|-0.0324251|nan       |nan       |nan       |nan       |nan       |
+----------+----------+----------+----------+----------+----------+----------+----------+----------+----------+----------+----------+----------+----------+----------+----------+----------+----------+----------+----------+----------+----------+----------+----------+----------+----------+----------+----------+----------+----------+----------+----------+----------+----------+----------+----------+----------+----------+----------+----------+----------+----------+----------+----------+----------+----------+----------+----------+----------+----------+----------+----------+----------+----------+----------+----------+----------+----------+----------+----------+----------+----------+----------+----------+----------+----------+
|-0.0303928|-0.0388841|-0.044068 |-0.044068 |-0.0536852|-0.0536852|-0.0556326|-0.0544582|-0.0460862|-0.0460862|-0.0370693|-0.0339007|-0.0313123|-0.0291489|-0.027308 |-0.0257189|-0.0243307|-0.023106 |-0.0220164|-0.02104  |0.275598  |0.265486  |0.256301  |0.247909  |0.240202  |0.233092  |0.226505  |0.220382  |0.21467   |0.209326  |-0.0116122|-0.0118865|-0.0121782|-0.0124892|-0.0128215|-0.0131777|-0.0135609|-0.0139745|-0.0144229|-0.0149112|-0.0160338|-0.0166949|-0.0174241|-0.0182326|-0.019135 |-0.0201492|-0.0212988|-0.0226149|-0.0241394|-0.025931 |-0.0306986|-0.0381658|-0.0420851|-0.0420851|-0.0460715|-0.0460715|-0.0444588|-0.0408757|-0.0322015|-0.0322015|-0.0283968|nan       |nan       |nan       |nan       |nan       |
+----------+----------+----------+----------+----------+----------+----------+----------+----------+----------+----------+----------+----------+----------+----------+----------+----------+----------+----------+----------+----------+----------+----------+----------+----------+----------+----------+----------+----------+----------+----------+----------+----------+----------+----------+----------+----------+----------+----------+----------+----------+----------+----------+----------+----------+----------+----------+----------+----------+----------+----------+----------+----------+----------+----------+----------+----------+----------+----------+----------+----------+----------+----------+----------+----------+----------+
|-0.0249394|-0.0319072|-0.036161 |-0.036161 |-0.0440525|-0.0440525|-0.0456505|-0.0446868|-0.037817 |-0.037817 |-0.030418 |-0.027818 |-0.025694 |-0.0239188|-0.0224082|-0.0211042|-0.0199651|-0.0189601|-0.018066 |-0.0172648|0.279072  |0.268833  |0.259531  |0.251033  |0.243229  |0.23603   |0.229361  |0.22316   |0.217376  |0.211965  |-0.00985574|-0.0100886|-0.0103362|-0.0106001|-0.0108821|-0.0111845|-0.0115097|-0.0118608|-0.0122413|-0.0126557|-0.0136086|-0.0141697|-0.0147886|-0.0154748|-0.0162407|-0.0171015|-0.0180772|-0.0191942|-0.0204881|-0.0220087|-0.0260552|-0.0323929|-0.0357195|-0.0357195|-0.0391029|-0.0391029|-0.0377341|-0.0346929|-0.0273308|-0.0273308|-0.0241016|nan       |nan       |nan       |nan       |nan       |
+----------+----------+----------+----------+----------+----------+----------+----------+----------+----------+----------+----------+----------+----------+----------+----------+----------+----------+----------+----------+----------+----------+----------+----------+----------+----------+----------+----------+----------+----------+----------+----------+----------+----------+----------+----------+----------+----------+----------+----------+----------+----------+----------+----------+----------+----------+----------+----------+----------+----------+----------+----------+----------+----------+----------+----------+----------+----------+----------+----------+----------+----------+----------+----------+----------+----------+
|-0.0249394|-0.0319072|-0.036161 |-0.036161 |-0.0440525|-0.0440525|-0.0456505|-0.0446868|-0.037817 |-0.037817 |-0.030418 |-0.027818 |-0.025694 |-0.0239188|-0.0224082|-0.0211042|-0.0199651|-0.0189601|-0.018066 |-0.0172648|-0.0158873|0.268833  |0.259531  |0.251033  |0.243229  |0.23603   |0.229361  |0.22316   |0.217376  |0.211965  |-0.00985574|-0.0100886|-0.0103362|-0.0106001|-0.0108821|-0.0111845|-0.0115097|-0.0118608|-0.0122413|-0.0126557|-0.0136086|-0.0141697|-0.0147886|-0.0154748|-0.0162407|-0.0171015|-0.0180772|-0.0191942|-0.0204881|-0.0220087|-0.0260552|-0.0323929|-0.0357195|-0.0357195|-0.0391029|-0.0391029|-0.0377341|-0.0346929|-0.0273308|-0.0273308|-0.0241016|nan       |nan       |nan       |nan       |nan       |
+----------+----------+----------+----------+----------+----------+----------+----------+----------+----------+----------+----------+----------+----------+----------+----------+----------+----------+----------+----------+----------+----------+----------+----------+----------+----------+----------+----------+----------+----------+----------+----------+----------+----------+----------+----------+----------+----------+----------+----------+----------+----------+----------+----------+----------+----------+----------+----------+----------+----------+----------+----------+----------+----------+----------+----------+----------+----------+----------+----------+----------+----------+----------+----------+----------+----------+
|-0.0222895|-0.0285169|-0.0323187|-0.0323187|-0.0393718|-0.0393718|-0.0408   |-0.0399387|-0.0337988|-0.0337988|-0.027186 |-0.0248622|-0.0229639|-0.0213773|-0.0200273|-0.0188618|-0.0178437|-0.0169455|-0.0161464|-0.0154304|-0.0141992|-0.0136782|0.261101  |0.252552  |0.244701  |0.237457  |0.230748  |0.22451   |0.218691  |0.213247  |-0.00894213|-0.00915342|-0.00937805|-0.00961748|-0.00987338|-0.0101477|-0.0104428|-0.0107613|-0.0111066|-0.0114826|-0.0123471|-0.0128562|-0.0134177|-0.0140403|-0.0147352|-0.0155162|-0.0164015|-0.0174149|-0.0185889|-0.0199686|-0.0236399|-0.0293902|-0.0324083|-0.0324083|-0.0354781|-0.0354781|-0.0342362|-0.0314769|-0.0247973|-0.0247973|-0.0218674|nan       |nan       |nan       |nan       |nan       |
+----------+----------+----------+----------+----------+----------+----------+----------+----------+----------+----------+----------+----------+----------+----------+----------+----------+----------+----------+----------+----------+----------+----------+----------+----------+----------+----------+----------+----------+----------+----------+----------+----------+----------+----------+----------+----------+----------+----------+----------+----------+----------+----------+----------+----------+----------+----------+----------+----------+----------+----------+----------+----------+----------+----------+----------+----------+----------+----------+----------+----------+----------+----------+----------+----------+----------+
|-0.0196733|-0.0251698|-0.0285253|-0.0285253|-0.0347505|-0.0347505|-0.0360111|-0.0352509|-0.0298317|-0.0298317|-0.023995 |-0.021944 |-0.0202685|-0.0188682|-0.0176765|-0.0166479|-0.0157493|-0.0149565|-0.0142512|-0.0136192|-0.0125326|-0.0120728|-0.0116551|0.254051  |0.246153  |0.238867  |0.232118  |0.225843  |0.219989  |0.214513  |-0.00801298|-0.00820231|-0.0084036|-0.00861815|-0.00884746|-0.00909329|-0.00935769|-0.00964313|-0.00995253|-0.0102894|-0.0110642|-0.0115204|-0.0120235|-0.0125814|-0.0132041|-0.013904 |-0.0146973|-0.0156054|-0.0166574|-0.0178937|-0.0211836|-0.0263363|-0.0290409|-0.0290409|-0.0317917|-0.0317917|-0.0306788|-0.0282063|-0.0222206|-0.0222206|-0.0195952|nan       |nan       |nan       |nan       |nan       |
+----------+----------+----------+----------+----------+----------+----------+----------+----------+----------+----------+----------+----------+----------+----------+----------+----------+----------+----------+----------+----------+----------+----------+----------+----------+----------+----------+----------+----------+----------+----------+----------+----------+----------+----------+----------+----------+----------+----------+----------+----------+----------+----------+----------+----------+----------+----------+----------+----------+----------+----------+----------+----------+----------+----------+----------+----------+----------+----------+----------+----------+----------+----------+----------+----------+----------+
|-0.0170911|-0.0218661|-0.0247812|-0.0247812|-0.0301893|-0.0301893|-0.0312845|-0.030624 |-0.0259161|-0.0259161|-0.0208456|-0.0190638|-0.0176082|-0.0163916|-0.0153564|-0.0144628|-0.0136821|-0.0129934|-0.0123807|-0.0118317|-0.0108876|-0.0104882|-0.0101253|-0.00979375|0.247587  |0.240258  |0.23347   |0.227158  |0.221271  |0.215762  |-0.00706812|-0.00723513|-0.00741268|-0.00760194|-0.00780421|-0.00802104|-0.00825427|-0.00850605|-0.00877897|-0.00907616|-0.00975952|-0.0101619|-0.0106057|-0.0110979|-0.0116471|-0.0122645|-0.0129642|-0.0137653|-0.0146932|-0.0157837|-0.0186857|-0.0232308|-0.0256165|-0.0256165|-0.0280429|-0.0280429|-0.0270613|-0.0248803|-0.0196005|-0.0196005|-0.0172846|nan       |nan       |nan       |nan       |nan       |
+----------+----------+----------+----------+----------+----------+----------+----------+----------+----------+----------+----------+----------+----------+----------+----------+----------+----------+----------+----------+----------+----------+----------+----------+----------+----------+----------+----------+----------+----------+----------+----------+----------+----------+----------+----------+----------+----------+----------+----------+----------+----------+----------+----------+----------+----------+----------+----------+----------+----------+----------+----------+----------+----------+----------+----------+----------+----------+----------+----------+----------+----------+----------+----------+----------+----------+
|-0.0145433|-0.0186065|-0.0210871|-0.0210871|-0.025689 |-0.025689 |-0.0266209|-0.0260589|-0.0220528|-0.0220528|-0.0177381|-0.0162219|-0.0149833|-0.0139481|-0.0130672|-0.0123068|-0.0116425|-0.0110565|-0.0105351|-0.0100679|-0.00926461|-0.00892468|-0.0086159|-0.00833378|-0.0080747|0.241631  |0.234804  |0.228456  |0.222535  |0.216995  |-0.00610739|-0.00625169|-0.00640511|-0.00656864|-0.00674342|-0.00693078|-0.00713231|-0.00734987|-0.00758569|-0.00784248|-0.00843296|-0.00878066|-0.00916414|-0.00958941|-0.010064 |-0.0105974|-0.0112021|-0.0118942|-0.012696 |-0.0136383|-0.0161458|-0.0200732|-0.0221346|-0.0221346|-0.0242312|-0.0242312|-0.023383 |-0.0214984|-0.0169363|-0.0169363|-0.0149352|nan       |nan       |nan       |nan       |nan       |
+----------+----------+----------+----------+----------+----------+----------+----------+----------+----------+----------+----------+----------+----------+----------+----------+----------+----------+----------+----------+----------+----------+----------+----------+----------+----------+----------+----------+----------+----------+----------+----------+----------+----------+----------+----------+----------+----------+----------+----------+----------+----------+----------+----------+----------+----------+----------+----------+----------+----------+----------+----------+----------+----------+----------+----------+----------+----------+----------+----------+----------+----------+----------+----------+----------+----------+
|-0.0120303|-0.0153914|-0.0174433|-0.0174433|-0.0212501|-0.0212501|-0.0220209|-0.0215561|-0.0182422|-0.0182422|-0.0146731|-0.0134189|-0.0123943|-0.011538 |-0.0108093|-0.0101802|-0.00963076|-0.00914598|-0.0087147|-0.00832822|-0.00766374|-0.00738254|-0.00712712|-0.00689375|-0.00667944|-0.00648173|0.236119  |0.229736  |0.223782  |0.218211  |-0.0051306|-0.00525183|-0.00538072|-0.00551809|-0.00566491|-0.00582231|-0.00599161|-0.00617437|-0.00637248|-0.0065882|-0.00708424|-0.00737633|-0.00769848|-0.00805573|-0.0084544|-0.00890252|-0.00941046|-0.00999193|-0.0106655|-0.0114571|-0.0135635|-0.0168628|-0.0185945|-0.0185945|-0.0203558|-0.0203558|-0.0196432|-0.0180601|-0.0142276|-0.0142276|-0.0125466|nan       |nan       |nan       |nan       |nan       |
+----------+----------+----------+----------+----------+----------+----------+----------+----------+----------+----------+----------+----------+----------+----------+----------+----------+----------+----------+----------+----------+----------+----------+----------+----------+----------+----------+----------+----------+----------+----------+----------+----------+----------+----------+----------+----------+----------+----------+----------+----------+----------+----------+----------+----------+----------+----------+----------+----------+----------+----------+----------+----------+----------+----------+----------+----------+----------+----------+----------+----------+----------+----------+----------+----------+----------+
|-0.00955245|-0.0122213|-0.0138506|-0.0138506|-0.0168733|-0.0168733|-0.0174853|-0.0171162|-0.0144849|-0.0144849|-0.0116509|-0.010655 |-0.00984148|-0.00916152|-0.00858293|-0.00808345|-0.00764714|-0.00726221|-0.00691976|-0.00661288|-0.00608526|-0.00586198|-0.00565917|-0.00547387|-0.00530369|-0.0051467|-0.00500128|0.230998  |0.225011  |0.21941   |-0.0041376|-0.00423537|-0.00433931|-0.00445009|-0.0045685|-0.00469543|-0.00483196|-0.00497935|-0.00513912|-0.00531309|-0.00571312|-0.00594868|-0.00620848|-0.00649659|-0.0068181|-0.00717949|-0.00758912|-0.00805805|-0.00860126|-0.00923963|-0.0109384|-0.0135991|-0.0149956|-0.0149956|-0.016416 |-0.016416 |-0.0158414|-0.0145647|-0.0114739|-0.0114739|-0.0101182|nan       |nan       |nan       |nan       |nan       |
+----------+----------+----------+----------+----------+----------+----------+----------+----------+----------+----------+----------+----------+----------+----------+----------+----------+----------+----------+----------+----------+----------+----------+----------+----------+----------+----------+----------+----------+----------+----------+----------+----------+----------+----------+----------+----------+----------+----------+----------+----------+----------+----------+----------+----------+----------+----------+----------+----------+----------+----------+----------+----------+----------+----------+----------+----------+----------+----------+----------+----------+----------+----------+----------+----------+----------+
|-0.00711013|-0.00909661|-0.0103093|-0.0103093|-0.0125592|-0.0125592|-0.0130148|-0.01274  |-0.0107815|-0.0107815|-0.00867205|-0.00793079|-0.00732526|-0.00681915|-0.00638849|-0.00601671|-0.00569196|-0.00540545|-0.00515055|-0.00492213|-0.00452941|-0.00436322|-0.00421226|-0.00407433|-0.00394767|-0.00383082|-0.00372258|-0.00362194|0.226223  |0.220591  |-0.00312821|-0.00320213|-0.00328071|-0.00336447|-0.00345399|-0.00354996|-0.00365318|-0.00376461|-0.0038854|-0.00401693|-0.00431938|-0.00449747|-0.00469389|-0.00491171|-0.00515479|-0.00542801|-0.00573771|-0.00609224|-0.00650293|-0.00698558|-0.00826992|-0.0102815|-0.0113374|-0.0113374|-0.0124113|-0.0124113|-0.0119768|-0.0110115|-0.00867479|-0.00867479|-0.00764984|nan       |nan       |nan       |nan       |nan       |
+----------+----------+----------+----------+----------+----------+----------+----------+----------+----------+----------+----------+----------+----------+----------+----------+----------+----------+----------+----------+----------+----------+----------+----------+----------+----------+----------+----------+----------+----------+----------+----------+----------+----------+----------+----------+----------+----------+----------+----------+----------+----------+----------+----------+----------+----------+----------+----------+----------+----------+----------+----------+----------+----------+----------+----------+----------+----------+----------+----------+----------+----------+----------+----------+----------+----------+
|-0.0047037|-0.00601785|-0.00682013|-0.00682013|-0.00830852|-0.00830852|-0.00860991|-0.00842815|-0.00713247|-0.00713247|-0.00573699|-0.0052466|-0.00484602|-0.0045112|-0.0042263|-0.00398035|-0.00376551|-0.00357597|-0.00340734|-0.00325623|-0.00299643|-0.00288648|-0.00278662|-0.00269537|-0.00261158|-0.00253428|-0.00246267|-0.00239609|-0.00233399|0.221756  |-0.00210226|-0.00215194|-0.00220475|-0.00226103|-0.0023212|-0.00238569|-0.00245506|-0.00252995|-0.00261112|-0.00269951|-0.00290276|-0.00302245|-0.00315445|-0.00330083|-0.00346419|-0.0036478|-0.00385593|-0.00409419|-0.00437019|-0.00469454|-0.00555766|-0.00690952|-0.00761908|-0.00761908|-0.00834078|-0.00834078|-0.00804881|-0.00740012|-0.00582975|-0.00582975|-0.00514095|nan       |nan       |nan       |nan       |nan       |
+----------+----------+----------+----------+----------+----------+----------+----------+----------+----------+----------+----------+----------+----------+----------+----------+----------+----------+----------+----------+----------+----------+----------+----------+----------+----------+----------+----------+----------+----------+----------+----------+----------+----------+----------+----------+----------+----------+----------+----------+----------+----------+----------+----------+----------+----------+----------+----------+----------+----------+----------+----------+----------+----------+----------+----------+----------+----------+----------+----------+----------+----------+----------+----------+----------+----------+
|-0.00233353|-0.00298549|-0.00338351|-0.00338351|-0.0041219|-0.0041219|-0.00427142|-0.00418126|-0.00353846|-0.00353846|-0.00284615|-0.00260287|-0.00240414|-0.00223803|-0.00209669|-0.00197468|-0.00186809|-0.00177406|-0.0016904|-0.00161544|-0.00148654|-0.001432 |-0.00138246|-0.00133719|-0.00129562|-0.00125727|-0.00122174|-0.00118872|-0.00115791|-0.00112908|-0.00105958|-0.00108462|-0.00111124|-0.00113961|-0.00116993|-0.00120243|-0.0012374|-0.00127514|-0.00131606|-0.00136061|-0.00146305|-0.00152337|-0.0015899|-0.00166368|-0.00174602|-0.00183857|-0.00194347|-0.00206355|-0.00220266|-0.00236614|-0.00280117|-0.00348254|-0.00384017|-0.00384017|-0.00420392|-0.00420392|-0.00405676|-0.00372981|-0.00293831|-0.00293831|-0.00259114|nan       |nan       |nan       |nan       |nan       |
+----------+----------+----------+----------+----------+----------+----------+----------+----------+----------+----------+----------+----------+----------+----------+----------+----------+----------+----------+----------+----------+----------+----------+----------+----------+----------+----------+----------+----------+----------+----------+----------+----------+----------+----------+----------+----------+----------+----------+----------+----------+----------+----------+----------+----------+----------+----------+----------+----------+----------+----------+----------+----------+----------+----------+----------+----------+----------+----------+----------+----------+----------+----------+----------+----------+----------+
|0         |0         |0         |0         |0         |0         |0         |0         |0         |0         |0         |0         |0         |0         |0         |0         |0         |0         |0         |0         |0         |0         |0         |0         |0         |0         |0         |0         |0         |0         |0         |0         |0         |0         |0         |0         |0         |0         |0         |0         |0         |0         |0         |0         |0         |0         |0         |0         |0         |0         |0         |0         |0         |0         |0         |0         |0         |0         |0         |0         |0         |nan       |nan       |nan       |nan       |nan       |
+----------+----------+----------+----------+----------+----------+----------+----------+----------+----------+----------+----------+----------+----------+----------+----------+----------+----------+----------+----------+----------+----------+----------+----------+----------+----------+----------+----------+----------+----------+----------+----------+----------+----------+----------+----------+----------+----------+----------+----------+----------+----------+----------+----------+----------+----------+----------+----------+----------+----------+----------+----------+----------+----------+----------+----------+----------+----------+----------+----------+----------+----------+----------+----------+----------+----------+
|0         |0         |0         |0         |0         |0         |0         |0         |0         |0         |0         |0         |0         |0         |0         |0         |0         |0         |0         |0         |0         |0         |0         |0         |0         |0         |0         |0         |0         |0         |-0.213618 |0         |0         |0         |0         |0         |0         |0         |0         |0         |0         |0         |0         |0         |0         |0         |0         |0         |0         |0         |0         |0         |0         |0         |0         |0         |0         |0         |0         |0         |0         |nan       |nan       |nan       |nan       |nan       |
+----------+----------+----------+----------+----------+----------+----------+----------+----------+----------+----------+----------+----------+----------+----------+----------+----------+----------+----------+----------+----------+----------+----------+----------+----------+----------+----------+----------+----------+----------+----------+----------+----------+----------+----------+----------+----------+----------+----------+----------+----------+----------+----------+----------+----------+----------+----------+----------+----------+----------+----------+----------+----------+----------+----------+----------+----------+----------+----------+----------+----------+----------+----------+----------+----------+----------+
|0.00229665|0.00293831|0.00333003|0.00333003|0.00405676|0.00405676|0.00420392|0.00411517|0.00348254|0.00348254|0.00280117|0.00256173|0.00236614|0.00220266|0.00206355|0.00194347|0.00183857|0.00174602|0.00166368|0.0015899 |0.00146305|0.00140937|0.00136061|0.00131606|0.00127514|0.0012374 |0.00120243|0.00116993|0.00113961|0.00111124|-0.212541 |-0.217563 |0.00112908|0.00115791|0.00118872|0.00122174|0.00125727|0.00129562|0.00133719|0.00138246|0.00148654|0.00154784|0.00161544|0.0016904 |0.00177406|0.00186809|0.00197468|0.00209669|0.00223803|0.00240414|0.00284615|0.00353846|0.00390183|0.00390183|0.00427142|0.00427142|0.0041219 |0.0037897 |0.00298549|0.00298549|0.00263275|nan       |nan       |nan       |nan       |nan       |
+----------+----------+----------+----------+----------+----------+----------+----------+----------+----------+----------+----------+----------+----------+----------+----------+----------+----------+----------+----------+----------+----------+----------+----------+----------+----------+----------+----------+----------+----------+----------+----------+----------+----------+----------+----------+----------+----------+----------+----------+----------+----------+----------+----------+----------+----------+----------+----------+----------+----------+----------+----------+----------+----------+----------+----------+----------+----------+----------+----------+----------+----------+----------+----------+----------+----------+
|0.00455667|0.00582975|0.00660694|0.00660694|0.00804881|0.00804881|0.00834078|0.0081647 |0.00690952|0.00690952|0.00555766|0.00508261|0.00469454|0.00437019|0.00409419|0.00385593|0.0036478 |0.00346419|0.00330083|0.00315445|0.00290276|0.00279626|0.00269951|0.00261112|0.00252995|0.00245506|0.00238569|0.0023212 |0.00226103|0.00220475|-0.211448 |-0.216444 |-0.221756 |0.00233399|0.00239609|0.00246267|0.00253428|0.00261158|0.00269537|0.00278662|0.00299643|0.00311997|0.00325623|0.00340734|0.00357597|0.00376551|0.00398035|0.0042263 |0.0045112 |0.00484602|0.00573699|0.00713247|0.00786492|0.00786492|0.00860991|0.00860991|0.00830852|0.00763889|0.00601785|0.00601785|0.00530683|nan       |nan       |nan       |nan       |nan       |
+----------+----------+----------+----------+----------+----------+----------+----------+----------+----------+----------+----------+----------+----------+----------+----------+----------+----------+----------+----------+----------+----------+----------+----------+----------+----------+----------+----------+----------+----------+----------+----------+----------+----------+----------+----------+----------+----------+----------+----------+----------+----------+----------+----------+----------+----------+----------+----------+----------+----------+----------+----------+----------+----------+----------+----------+----------+----------+----------+----------+----------+----------+----------+----------+----------+----------+
|0.00678042|0.00867479|0.00983128|0.00983128|0.0119768 |0.0119768 |0.0124113 |0.0121493 |0.0102815 |0.0102815 |0.00826992|0.00756303|0.00698558|0.00650293|0.00609224|0.00573771|0.00542801|0.00515479|0.00491171|0.00469389|0.00431938|0.00416089|0.00401693|0.0038854 |0.00376461|0.00365318|0.00354996|0.00345399|0.00336447|0.00328071|-0.210338 |-0.215307 |-0.220591 |-0.226223 |0.00362194|0.00372258|0.00383082|0.00394767|0.00407433|0.00421226|0.00452941|0.00471616|0.00492213|0.00515055|0.00540545|0.00569196|0.00601671|0.00638849|0.00681915|0.00732526|0.00867205|0.0107815 |0.0118886 |0.0118886 |0.0130148 |0.0130148 |0.0125592 |0.011547  |0.00909661|0.00909661|0.00802182|nan       |nan       |nan       |nan       |nan       |
+----------+----------+----------+----------+----------+----------+----------+----------+----------+----------+----------+----------+----------+----------+----------+----------+----------+----------+----------+----------+----------+----------+----------+----------+----------+----------+----------+----------+----------+----------+----------+----------+----------+----------+----------+----------+----------+----------+----------+----------+----------+----------+----------+----------+----------+----------+----------+----------+----------+----------+----------+----------+----------+----------+----------+----------+----------+----------+----------+----------+----------+----------+----------+----------+----------+----------+
|0.00896829|0.0114739 |0.0130036 |0.0130036 |0.0158414 |0.0158414 |0.016416  |0.0160695 |0.0135991 |0.0135991 |0.0109384 |0.0100034 |0.00923963|0.00860126|0.00805805|0.00758912|0.00717949|0.0068181 |0.00649659|0.00620848|0.00571312|0.0055035 |0.00531309|0.00513912|0.00497935|0.00483196|0.00469543|0.0045685 |0.00445009|0.00433931|-0.209211 |-0.214154 |-0.21941  |-0.225011 |-0.230998 |0.00500128|0.0051467 |0.00530369|0.00547387|0.00565917|0.00608526|0.00633616|0.00661288|0.00691976|0.00726221|0.00764714|0.00808345|0.00858293|0.00916152|0.00984148|0.0116509 |0.0144849 |0.0159724 |0.0159724 |0.0174853 |0.0174853 |0.0168733 |0.0155134 |0.0122213 |0.0122213 |0.0107773 |nan       |nan       |nan       |nan       |nan       |
+----------+----------+----------+----------+----------+----------+----------+----------+----------+----------+----------+----------+----------+----------+----------+----------+----------+----------+----------+----------+----------+----------+----------+----------+----------+----------+----------+----------+----------+----------+----------+----------+----------+----------+----------+----------+----------+----------+----------+----------+----------+----------+----------+----------+----------+----------+----------+----------+----------+----------+----------+----------+----------+----------+----------+----------+----------+----------+----------+----------+----------+----------+----------+----------+----------+----------+
|0.0111206 |0.0142276 |0.0161243 |0.0161243 |0.0196432 |0.0196432 |0.0203558 |0.0199261 |0.0168628 |0.0168628 |0.0135635 |0.0124042 |0.0114571 |0.0106655 |0.00999193|0.00941046|0.00890252|0.0084544 |0.00805573|0.00769848|0.00708424|0.00682431|0.0065882 |0.00637248|0.00617437|0.00599161|0.00582231|0.00566491|0.00551809|0.00538072|-0.208068 |-0.212984 |-0.218211 |-0.223782 |-0.229736 |-0.236119 |0.00648173|0.00667944|0.00689375|0.00712712|0.00766374|0.00797972|0.00832822|0.0087147 |0.00914598|0.00963076|0.0101802 |0.0108093 |0.011538  |0.0123943 |0.0146731 |0.0182422 |0.0201155 |0.0201155 |0.0220209 |0.0220209 |0.0212501 |0.0195374 |0.0153914 |0.0153914 |0.0135729 |nan       |nan       |nan       |nan       |nan       |
+----------+----------+----------+----------+----------+----------+----------+----------+----------+----------+----------+----------+----------+----------+----------+----------+----------+----------+----------+----------+----------+----------+----------+----------+----------+----------+----------+----------+----------+----------+----------+----------+----------+----------+----------+----------+----------+----------+----------+----------+----------+----------+----------+----------+----------+----------+----------+----------+----------+----------+----------+----------+----------+----------+----------+----------+----------+----------+----------+----------+----------+----------+----------+----------+----------+----------+
|0.0132378 |0.0169363 |0.0191942 |0.0191942 |0.023383  |0.023383  |0.0242312 |0.0237197 |0.0200732 |0.0200732 |0.0161458 |0.0147657 |0.0136383 |0.012696  |0.0118942 |0.0112021 |0.0105974 |0.010064  |0.00958941|0.00916414|0.00843296|0.00812354|0.00784248|0.00758569|0.00734987|0.00713231|0.00693078|0.00674342|0.00656864|0.00640511|-0.206908 |-0.211797 |-0.216995 |-0.222535 |-0.228456 |-0.234804 |-0.241631 |0.0080747 |0.00833378|0.0086159 |0.00926461|0.0096466 |0.0100679 |0.0105351 |0.0110565 |0.0116425 |0.0123068 |0.0130672 |0.0139481 |0.0149833 |0.0177381 |0.0220528 |0.0243174 |0.0243174 |0.0266209 |0.0266209 |0.025689  |0.0236186 |0.0186065 |0.0186065 |0.0164081 |nan       |nan       |nan       |nan       |nan       |
+----------+----------+----------+----------+----------+----------+----------+----------+----------+----------+----------+----------+----------+----------+----------+----------+----------+----------+----------+----------+----------+----------+----------+----------+----------+----------+----------+----------+----------+----------+----------+----------+----------+----------+----------+----------+----------+----------+----------+----------+----------+----------+----------+----------+----------+----------+----------+----------+----------+----------+----------+----------+----------+----------+----------+----------+----------+----------+----------+----------+----------+----------+----------+----------+----------+----------+
|0.0153202 |0.0196005 |0.0222135 |0.0222135 |0.0270613 |0.0270613 |0.0280429 |0.027451  |0.0232308 |0.0232308 |0.0186857 |0.0170885 |0.0157837 |0.0146932 |0.0137653 |0.0129642 |0.0122645 |0.0116471 |0.0110979 |0.0106057 |0.00975952|0.00940143|0.00907616|0.00877897|0.00850605|0.00825427|0.00802104|0.00780421|0.00760194|0.00741268|-0.205733 |-0.210594 |-0.215762 |-0.221271 |-0.227158 |-0.23347  |-0.240258 |-0.247587 |0.00979375|0.0101253 |0.0108876 |0.0113365 |0.0118317 |0.0123807 |0.0129934 |0.0136821 |0.0144628 |0.0153564 |0.0163916 |0.0176082 |0.0208456 |0.0259161 |0.0285775 |0.0285775 |0.0312845 |0.0312845 |0.0301893 |0.0277562 |0.0218661 |0.0218661 |0.0192826 |nan       |nan       |nan       |nan       |nan       |
+----------+----------+----------+----------+----------+----------+----------+----------+----------+----------+----------+----------+----------+----------+----------+----------+----------+----------+----------+----------+----------+----------+----------+----------+----------+----------+----------+----------+----------+----------+----------+----------+----------+----------+----------+----------+----------+----------+----------+----------+----------+----------+----------+----------+----------+----------+----------+----------+----------+----------+----------+----------+----------+----------+----------+----------+----------+----------+----------+----------+----------+----------+----------+----------+----------+----------+
|0.0173682 |0.0222206 |0.025183  |0.025183  |0.0306788 |0.0306788 |0.0317917 |0.0311206 |0.0263363 |0.0263363 |0.0211836 |0.0193728 |0.0178937 |0.0166574 |0.0156054 |0.0146973 |0.013904  |0.0132041 |0.0125814 |0.0120235 |0.0110642 |0.0106582 |0.0102894 |0.00995253|0.00964313|0.00935769|0.00909329|0.00884746|0.00861815|0.0084036 |-0.204541 |-0.209374 |-0.214513 |-0.219989 |-0.225843 |-0.232118 |-0.238867 |-0.246153 |-0.254051 |0.0116551 |0.0125326 |0.0130493 |0.0136192 |0.0142512 |0.0149565 |0.0157493 |0.0166479 |0.0176765 |0.0188682 |0.0202685 |0.023995  |0.0298317 |0.0328951 |0.0328951 |0.0360111 |0.0360111 |0.0347505 |0.0319498 |0.0251698 |0.0251698 |0.0221959 |nan       |nan       |nan       |nan       |nan       |
+----------+----------+----------+----------+----------+----------+----------+----------+----------+----------+----------+----------+----------+----------+----------+----------+----------+----------+----------+----------+----------+----------+----------+----------+----------+----------+----------+----------+----------+----------+----------+----------+----------+----------+----------+----------+----------+----------+----------+----------+----------+----------+----------+----------+----------+----------+----------+----------+----------+----------+----------+----------+----------+----------+----------+----------+----------+----------+----------+----------+----------+----------+----------+----------+----------+----------+
|0.0193821 |0.0247973 |0.0281031 |0.0281031 |0.0342362 |0.0342362 |0.0354781 |0.0347292 |0.0293902 |0.0293902 |0.0236399 |0.0216192 |0.0199686 |0.0185889 |0.0174149 |0.0164015 |0.0155162 |0.0147352 |0.0140403 |0.0134177 |0.0123471 |0.0118941 |0.0114826 |0.0111066 |0.0107613 |0.0104428 |0.0101477 |0.00987338|0.00961748|0.00937805|-0.203334 |-0.208139 |-0.213247 |-0.218691 |-0.22451  |-0.230748 |-0.237457 |-0.244701 |-0.252552 |-0.261101 |0.0141992 |0.0147847 |0.0154304 |0.0161464 |0.0169455 |0.0178437 |0.0188618 |0.0200273 |0.0213773 |0.0229639 |0.027186  |0.0337988 |0.0372697 |0.0372697 |0.0408    |0.0408    |0.0393718 |0.0361986 |0.0285169 |0.0285169 |0.0251476 |nan       |nan       |nan       |nan       |nan       |
+----------+----------+----------+----------+----------+----------+----------+----------+----------+----------+----------+----------+----------+----------+----------+----------+----------+----------+----------+----------+----------+----------+----------+----------+----------+----------+----------+----------+----------+----------+----------+----------+----------+----------+----------+----------+----------+----------+----------+----------+----------+----------+----------+----------+----------+----------+----------+----------+----------+----------+----------+----------+----------+----------+----------+----------+----------+----------+----------+----------+----------+----------+----------+----------+----------+----------+
|0.0213624 |0.0273308 |0.0309744 |0.0309744 |0.0377341 |0.0377341 |0.0391029 |0.0382774 |0.0323929 |0.0323929 |0.0260552 |0.0238281 |0.0220087 |0.0204881 |0.0191942 |0.0180772 |0.0171015 |0.0162407 |0.0154748 |0.0147886 |0.0136086 |0.0131093 |0.0126557 |0.0122413 |0.0118608 |0.0115097 |0.0111845 |0.0108821 |0.0106001 |0.0103362 |-0.202112 |-0.206887 |-0.211965 |-0.217376 |-0.22316  |-0.229361 |-0.23603  |-0.243229 |-0.251033 |-0.259531 |0.0158873 |0.0165424 |0.0172648 |0.018066  |0.0189601 |0.0199651 |0.0211042 |0.0224082 |0.0239188 |0.025694  |0.030418  |0.037817  |0.0417005 |0.0417005 |0.0456505 |0.0456505 |0.0440525 |0.0405021 |0.0319072 |0.0319072 |0.0281373 |nan       |nan       |nan       |nan       |nan       |
+----------+----------+----------+----------+----------+----------+----------+----------+----------+----------+----------+----------+----------+----------+----------+----------+----------+----------+----------+----------+----------+----------+----------+----------+----------+----------+----------+----------+----------+----------+----------+----------+----------+----------+----------+----------+----------+----------+----------+----------+----------+----------+----------+----------+----------+----------+----------+----------+----------+----------+----------+----------+----------+----------+----------+----------+----------+----------+----------+----------+----------+----------+----------+----------+----------+----------+
|0.0213624 |0.0273308 |0.0309744 |0.0309744 |0.0377341 |0.0377341 |0.0391029 |0.0382774 |0.0323929 |0.0323929 |0.0260552 |0.0238281 |0.0220087 |0.0204881 |0.0191942 |0.0180772 |0.0171015 |0.0162407 |0.0154748 |0.0147886 |0.0136086 |0.0131093 |0.0126557 |0.0122413 |0.0118608 |0.0115097 |0.0111845 |0.0108821 |0.0106001 |0.0103362 |-0.202112 |-0.206887 |-0.211965 |-0.217376 |-0.22316  |-0.229361 |-0.23603  |-0.243229 |-0.251033 |-0.259531 |-0.279072 |0.0165424 |0.0172648 |0.018066  |0.0189601 |0.0199651 |0.0211042 |0.0224082 |0.0239188 |0.025694  |0.030418  |0.037817  |0.0417005 |0.0417005 |0.0456505 |0.0456505 |0.0440525 |0.0405021 |0.0319072 |0.0319072 |0.0281373 |nan       |nan       |nan       |nan       |nan       |
+----------+----------+----------+----------+----------+----------+----------+----------+----------+----------+----------+----------+----------+----------+----------+----------+----------+----------+----------+----------+----------+----------+----------+----------+----------+----------+----------+----------+----------+----------+----------+----------+----------+----------+----------+----------+----------+----------+----------+----------+----------+----------+----------+----------+----------+----------+----------+----------+----------+----------+----------+----------+----------+----------+----------+----------+----------+----------+----------+----------+----------+----------+----------+----------+----------+----------+
|0.0251695 |0.0322015 |0.0364944 |0.0364944 |0.0444588 |0.0444588 |0.0460715 |0.045099  |0.0381658 |0.0381658 |0.0306986 |0.0280745 |0.025931  |0.0241394 |0.0226149 |0.0212988 |0.0201492 |0.019135  |0.0182326 |0.0174241 |0.0160338 |0.0154455 |0.0149112 |0.0144229 |0.0139745 |0.0135609 |0.0131777 |0.0128215 |0.0124892 |0.0121782 |-0.199596 |-0.204312 |-0.209326 |-0.21467  |-0.220382 |-0.226505 |-0.233092 |-0.240202 |-0.247909 |-0.256301 |-0.275598 |-0.286961 |0.02104   |0.0220164 |0.023106  |0.0243307 |0.0257189 |0.027308  |0.0291489 |0.0313123 |0.0370693 |0.0460862 |0.0508189 |0.0508189 |0.0556326 |0.0556326 |0.0536852 |0.0493584 |0.0388841 |0.0388841 |0.0342899 |nan       |nan       |nan       |nan       |nan       |
+----------+----------+----------+----------+----------+----------+----------+----------+----------+----------+----------+----------+----------+----------+----------+----------+----------+----------+----------+----------+----------+----------+----------+----------+----------+----------+----------+----------+----------+----------+----------+----------+----------+----------+----------+----------+----------+----------+----------+----------+----------+----------+----------+----------+----------+----------+----------+----------+----------+----------+----------+----------+----------+----------+----------+----------+----------+----------+----------+----------+----------+----------+----------+----------+----------+----------+
|0.02874   |0.0367696 |0.0416715 |0.0416715 |0.0507657 |0.0507657 |0.0526072 |0.0514967 |0.04358   |0.04358   |0.0350534 |0.0320572 |0.0296095 |0.0275638 |0.025823  |0.0243203 |0.0230075 |0.0218494 |0.0208191 |0.0198958 |0.0183084 |0.0176366 |0.0170264 |0.0164689 |0.015957  |0.0154846 |0.0150471 |0.0146403 |0.0142609 |0.0139058 |-0.196971 |-0.201625 |-0.206573 |-0.211847 |-0.217484 |-0.223526 |-0.230026 |-0.237042 |-0.244648 |-0.25293  |-0.271974 |-0.283187 |-0.295555 |0.0261381 |0.0274316 |0.0288856 |0.0305337 |0.0324204 |0.0346059 |0.0371743 |0.0440091 |0.054714  |0.0603327 |0.0603327 |0.0660476 |0.0660476 |0.0637356 |0.0585988 |0.0461636 |0.0461636 |0.0407093 |nan       |nan       |nan       |nan       |nan       |
+----------+----------+----------+----------+----------+----------+----------+----------+----------+----------+----------+----------+----------+----------+----------+----------+----------+----------+----------+----------+----------+----------+----------+----------+----------+----------+----------+----------+----------+----------+----------+----------+----------+----------+----------+----------+----------+----------+----------+----------+----------+----------+----------+----------+----------+----------+----------+----------+----------+----------+----------+----------+----------+----------+----------+----------+----------+----------+----------+----------+----------+----------+----------+----------+----------+----------+
|0.0320793 |0.0410419 |0.0465134 |0.0465134 |0.0566643 |0.0566643 |0.0587198 |0.0574802 |0.0486436 |0.0486436 |0.0391264 |0.035782  |0.0330499 |0.0307665 |0.0288234 |0.0271461 |0.0256808 |0.0243882 |0.0232381 |0.0222076 |0.0204357 |0.0196859 |0.0190048 |0.0183825 |0.017811  |0.0172838 |0.0167955 |0.0163414 |0.0159179 |0.0155216 |-0.194239 |-0.198829 |-0.203708 |-0.208909 |-0.214468 |-0.220426 |-0.226836 |-0.233755 |-0.241255 |-0.249422 |-0.268202 |-0.27926  |-0.291456 |-0.304981 |0.0319331 |0.0336256 |0.0355442 |0.0377405 |0.0402846 |0.0432745 |0.0512308 |0.0636923 |0.0702331 |0.0702331 |0.0768857 |0.0768857 |0.0741943 |0.0682147 |0.0537389 |0.0537389 |0.0473895 |nan       |nan       |nan       |nan       |nan       |
+----------+----------+----------+----------+----------+----------+----------+----------+----------+----------+----------+----------+----------+----------+----------+----------+----------+----------+----------+----------+----------+----------+----------+----------+----------+----------+----------+----------+----------+----------+----------+----------+----------+----------+----------+----------+----------+----------+----------+----------+----------+----------+----------+----------+----------+----------+----------+----------+----------+----------+----------+----------+----------+----------+----------+----------+----------+----------+----------+----------+----------+----------+----------+----------+----------+----------+
|0.0351929 |0.0450254 |0.051028  |0.051028  |0.0621641 |0.0621641 |0.064419  |0.0630592 |0.0533649 |0.0533649 |0.0429239 |0.0392549 |0.0362577 |0.0337526 |0.031621  |0.0297809 |0.0281734 |0.0267553 |0.0254936 |0.024363  |0.0224192 |0.0215966 |0.0208494 |0.0201667 |0.0195397 |0.0189614 |0.0184256 |0.0179275 |0.0174628 |0.0170281 |-0.191403 |-0.195926 |-0.200734 |-0.205859 |-0.211336 |-0.217208 |-0.223524 |-0.230342 |-0.237733 |-0.245781 |-0.264286 |-0.275183 |-0.287201 |-0.300529 |-0.315402 |0.0385464 |0.0407457 |0.0432634 |0.0461798 |0.0496073 |0.0587279 |0.073013  |0.0805109 |0.0805109 |0.0881371 |0.0881371 |0.0850519 |0.0781971 |0.061603  |0.061603  |0.0543244 |nan       |nan       |nan       |nan       |nan       |
+----------+----------+----------+----------+----------+----------+----------+----------+----------+----------+----------+----------+----------+----------+----------+----------+----------+----------+----------+----------+----------+----------+----------+----------+----------+----------+----------+----------+----------+----------+----------+----------+----------+----------+----------+----------+----------+----------+----------+----------+----------+----------+----------+----------+----------+----------+----------+----------+----------+----------+----------+----------+----------+----------+----------+----------+----------+----------+----------+----------+----------+----------+----------+----------+----------+----------+
|0.0380861 |0.0487269 |0.0552229 |0.0552229 |0.0672745 |0.0672745 |0.0697149 |0.0682432 |0.057752  |0.057752  |0.0464527 |0.042482  |0.0392385 |0.0365274 |0.0342205 |0.0322291 |0.0304895 |0.0289548 |0.0275894 |0.0263659 |0.0242622 |0.023372  |0.0225634 |0.0218246 |0.0211461 |0.0205202 |0.0199404 |0.0194013 |0.0188984 |0.018428  |-0.188466 |-0.192919 |-0.197653 |-0.202699 |-0.208093 |-0.213875 |-0.220094 |-0.226807 |-0.234084 |-0.242008 |-0.26023  |-0.270959 |-0.282793 |-0.295916 |-0.310561 |-0.327022 |0.0461337 |0.0489843 |0.0522864 |0.0561671 |0.0664938 |0.0826679 |0.0911573 |0.0911573 |0.099792  |0.099792  |0.0962988 |0.0885376 |0.0697491 |0.0697491 |0.0615081 |nan       |nan       |nan       |nan       |nan       |
+----------+----------+----------+----------+----------+----------+----------+----------+----------+----------+----------+----------+----------+----------+----------+----------+----------+----------+----------+----------+----------+----------+----------+----------+----------+----------+----------+----------+----------+----------+----------+----------+----------+----------+----------+----------+----------+----------+----------+----------+----------+----------+----------+----------+----------+----------+----------+----------+----------+----------+----------+----------+----------+----------+----------+----------+----------+----------+----------+----------+----------+----------+----------+----------+----------+----------+
|0.0407643 |0.0521533 |0.0591061 |0.0591061 |0.0720051 |0.0720051 |0.0746171 |0.0730419 |0.061813  |0.061813  |0.0497192 |0.0454693 |0.0419976 |0.039096  |0.0366269 |0.0344954 |0.0326335 |0.0309908 |0.0295295 |0.0282199 |0.0259683 |0.0250155 |0.02415   |0.0233592 |0.022633  |0.0219631 |0.0213425 |0.0207656 |0.0202274 |0.0197238 |-0.185429 |-0.18981  |-0.194468 |-0.199433 |-0.20474  |-0.210428 |-0.216547 |-0.223152 |-0.230312 |-0.238109 |-0.256037 |-0.266593 |-0.278236 |-0.291148 |-0.305557 |-0.321753 |-0.34011  |0.0548985 |0.0585993 |0.0629485 |0.0745219 |0.0926489 |0.102163  |0.102163  |0.11184   |0.11184   |0.107925  |0.0992272 |0.0781703 |0.0781703 |0.0689343 |nan       |nan       |nan       |nan       |nan       |
+----------+----------+----------+----------+----------+----------+----------+----------+----------+----------+----------+----------+----------+----------+----------+----------+----------+----------+----------+----------+----------+----------+----------+----------+----------+----------+----------+----------+----------+----------+----------+----------+----------+----------+----------+----------+----------+----------+----------+----------+----------+----------+----------+----------+----------+----------+----------+----------+----------+----------+----------+----------+----------+----------+----------+----------+----------+----------+----------+----------+----------+----------+----------+----------+----------+----------+
|0.0432328 |0.0553114 |0.0626853 |0.0626853 |0.0763654 |0.0763654 |0.0791356 |0.077465  |0.0655561 |0.0655561 |0.0527299 |0.0482227 |0.0445408 |0.0414634 |0.0388448 |0.0365843 |0.0346096 |0.0328675 |0.0313176 |0.0299288 |0.0275408 |0.0265303 |0.0256124 |0.0247738 |0.0240036 |0.0232931 |0.0226349 |0.022023  |0.0214522 |0.0209182 |-0.182295 |-0.186603 |-0.191182 |-0.196063 |-0.20128  |-0.206873 |-0.212888 |-0.219382 |-0.22642  |-0.234085 |-0.25171  |-0.262088 |-0.273535 |-0.286228 |-0.300393 |-0.316315 |-0.334363 |-0.355023 |0.0651132 |0.0699458 |0.0828058 |0.102948  |0.11352   |0.11352   |0.124273  |0.124273  |0.119922  |0.110257  |0.0868598 |0.0868598 |0.076597  |nan       |nan       |nan       |nan       |nan       |
+----------+----------+----------+----------+----------+----------+----------+----------+----------+----------+----------+----------+----------+----------+----------+----------+----------+----------+----------+----------+----------+----------+----------+----------+----------+----------+----------+----------+----------+----------+----------+----------+----------+----------+----------+----------+----------+----------+----------+----------+----------+----------+----------+----------+----------+----------+----------+----------+----------+----------+----------+----------+----------+----------+----------+----------+----------+----------+----------+----------+----------+----------+----------+----------+----------+----------+
|0.045497  |0.0582083 |0.0659683 |0.0659683 |0.0803649 |0.0803649 |0.0832801 |0.0815221 |0.0689895 |0.0689895 |0.0554915 |0.0507483 |0.0468735 |0.043635  |0.0408793 |0.0385003 |0.0364222 |0.0345889 |0.0329578 |0.0314962 |0.0289832 |0.0279198 |0.0269538 |0.0260712 |0.0252607 |0.024513  |0.0238204 |0.0231764 |0.0225757 |0.0220137 |-0.179068 |-0.183299 |-0.187797 |-0.192592 |-0.197716 |-0.20321  |-0.209118 |-0.215497 |-0.222411 |-0.22994  |-0.247253 |-0.257448 |-0.268691 |-0.28116  |-0.295075 |-0.310715 |-0.328443 |-0.348737 |-0.372246 |0.0771537 |0.0913388 |0.113556  |0.125218  |0.125218  |0.137079  |0.137079  |0.13228   |0.121619  |0.0958105 |0.0958105 |0.0844903 |nan       |nan       |nan       |nan       |nan       |
+----------+----------+----------+----------+----------+----------+----------+----------+----------+----------+----------+----------+----------+----------+----------+----------+----------+----------+----------+----------+----------+----------+----------+----------+----------+----------+----------+----------+----------+----------+----------+----------+----------+----------+----------+----------+----------+----------+----------+----------+----------+----------+----------+----------+----------+----------+----------+----------+----------+----------+----------+----------+----------+----------+----------+----------+----------+----------+----------+----------+----------+----------+----------+----------+----------+----------+
|0.0475623 |0.0608506 |0.0689629 |0.0689629 |0.0840131 |0.0840131 |0.0870606 |0.0852228 |0.0721212 |0.0721212 |0.0580106 |0.053052  |0.0490014 |0.0456158 |0.042735  |0.040248  |0.0380756 |0.036159  |0.0344539 |0.032926  |0.0302989 |0.0291872 |0.0281774 |0.0272547 |0.0264074 |0.0256258 |0.0249017 |0.0242285 |0.0236006 |0.023013  |-0.175748 |-0.179901 |-0.184316 |-0.189021 |-0.194051 |-0.199443 |-0.205242 |-0.211502 |-0.218288 |-0.225678 |-0.24267  |-0.252675 |-0.26371  |-0.275948 |-0.289605 |-0.304955 |-0.322354 |-0.342272 |-0.365346 |-0.392461 |0.100114  |0.124467  |0.137248  |0.137248  |0.150249  |0.150249  |0.14499   |0.133304  |0.105016  |0.105016  |0.0926079 |nan       |nan       |nan       |nan       |nan       |
+----------+----------+----------+----------+----------+----------+----------+----------+----------+----------+----------+----------+----------+----------+----------+----------+----------+----------+----------+----------+----------+----------+----------+----------+----------+----------+----------+----------+----------+----------+----------+----------+----------+----------+----------+----------+----------+----------+----------+----------+----------+----------+----------+----------+----------+----------+----------+----------+----------+----------+----------+----------+----------+----------+----------+----------+----------+----------+----------+----------+----------+----------+----------+----------+----------+----------+
|0.0494341 |0.0632453 |0.071677  |0.071677  |0.0873194 |0.0873194 |0.0904868 |0.0885767 |0.0749595 |0.0749595 |0.0602935 |0.0551398 |0.0509298 |0.047411  |0.0444168 |0.041832  |0.039574  |0.0375821 |0.0358098 |0.0342218 |0.0314913 |0.0303358 |0.0292863 |0.0283273 |0.0274467 |0.0266343 |0.0258817 |0.025182  |0.0245294 |0.0239187 |-0.172339 |-0.176411 |-0.180741 |-0.185355 |-0.190287 |-0.195574 |-0.201261 |-0.2074   |-0.214055 |-0.221301 |-0.237963 |-0.247774 |-0.258596 |-0.270596 |-0.283987 |-0.29904  |-0.316102 |-0.335634 |-0.35826  |-0.384849 |0.109126  |0.13567   |0.149603  |0.149603  |0.163773  |0.163773  |0.158041  |0.145303  |0.114469  |0.114469  |0.100944  |nan       |nan       |nan       |nan       |nan       |
+----------+----------+----------+----------+----------+----------+----------+----------+----------+----------+----------+----------+----------+----------+----------+----------+----------+----------+----------+----------+----------+----------+----------+----------+----------+----------+----------+----------+----------+----------+----------+----------+----------+----------+----------+----------+----------+----------+----------+----------+----------+----------+----------+----------+----------+----------+----------+----------+----------+----------+----------+----------+----------+----------+----------+----------+----------+----------+----------+----------+----------+----------+----------+----------+----------+----------+
|0.0494341 |0.0632453 |0.071677  |0.071677  |0.0873194 |0.0873194 |0.0904868 |0.0885767 |0.0749595 |0.0749595 |0.0602935 |0.0551398 |0.0509298 |0.047411  |0.0444168 |0.041832  |0.039574  |0.0375821 |0.0358098 |0.0342218 |0.0314913 |0.0303358 |0.0292863 |0.0283273 |0.0274467 |0.0266343 |0.0258817 |0.025182  |0.0245294 |0.0239187 |-0.172339 |-0.176411 |-0.180741 |-0.185355 |-0.190287 |-0.195574 |-0.201261 |-0.2074   |-0.214055 |-0.221301 |-0.237963 |-0.247774 |-0.258596 |-0.270596 |-0.283987 |-0.29904  |-0.316102 |-0.335634 |-0.35826  |-0.384849 |-0.455606 |0.13567   |0.149603  |0.149603  |0.163773  |0.163773  |0.158041  |0.145303  |0.114469  |0.114469  |0.100944  |nan       |nan       |nan       |nan       |nan       |
+----------+----------+----------+----------+----------+----------+----------+----------+----------+----------+----------+----------+----------+----------+----------+----------+----------+----------+----------+----------+----------+----------+----------+----------+----------+----------+----------+----------+----------+----------+----------+----------+----------+----------+----------+----------+----------+----------+----------+----------+----------+----------+----------+----------+----------+----------+----------+----------+----------+----------+----------+----------+----------+----------+----------+----------+----------+----------+----------+----------+----------+----------+----------+----------+----------+----------+
|0.0540344 |0.069131  |0.0783472 |0.0783472 |0.0954453 |0.0954453 |0.0989076 |0.0968196 |0.0819353 |0.0819353 |0.0659045 |0.0602711 |0.0556693 |0.0518231 |0.0485502 |0.0457249 |0.0432568 |0.0410794 |0.0391423 |0.0374064 |0.0344219 |0.0331589 |0.0320117 |0.0309635 |0.0300009 |0.0291129 |0.0282903 |0.0275255 |0.0268121 |0.0261446 |-0.159509 |-0.163277 |-0.167284 |-0.171555 |-0.17612  |-0.181014 |-0.186277 |-0.191959 |-0.198118 |-0.204825 |-0.220246 |-0.229327 |-0.239343 |-0.25045  |-0.262844 |-0.276776 |-0.292568 |-0.310646 |-0.331587 |-0.356197 |-0.421686 |0.177842  |0.196105  |0.196105  |0.21468   |0.21468   |0.207165  |0.190469  |0.15005   |0.15005   |0.132321  |nan       |nan       |nan       |nan       |nan       |
+----------+----------+----------+----------+----------+----------+----------+----------+----------+----------+----------+----------+----------+----------+----------+----------+----------+----------+----------+----------+----------+----------+----------+----------+----------+----------+----------+----------+----------+----------+----------+----------+----------+----------+----------+----------+----------+----------+----------+----------+----------+----------+----------+----------+----------+----------+----------+----------+----------+----------+----------+----------+----------+----------+----------+----------+----------+----------+----------+----------+----------+----------+----------+----------+----------+----------+
|0.055621  |0.0711608 |0.0806476 |0.0806476 |0.0982477 |0.0982477 |0.101812  |0.0996624 |0.084341  |0.084341  |0.0678395 |0.0620408 |0.0573039 |0.0533447 |0.0499757 |0.0470674 |0.0445269 |0.0422856 |0.0402916 |0.0385047 |0.0354326 |0.0341325 |0.0329516 |0.0318726 |0.0308818 |0.0299677 |0.0291209 |0.0283337 |0.0275993 |0.0269122 |-0.145287 |-0.14872  |-0.15237  |-0.15626  |-0.160418 |-0.164875 |-0.169669 |-0.174844 |-0.180454 |-0.186563 |-0.20061  |-0.208881 |-0.218004 |-0.22812  |-0.23941  |-0.2521   |-0.266483 |-0.282949 |-0.302023 |-0.324439 |-0.38409  |-0.477517 |0.247646  |0.247646  |0.271103  |0.271103  |0.261613  |0.240529  |0.189486  |0.189486  |0.167098  |nan       |nan       |nan       |nan       |nan       |
+----------+----------+----------+----------+----------+----------+----------+----------+----------+----------+----------+----------+----------+----------+----------+----------+----------+----------+----------+----------+----------+----------+----------+----------+----------+----------+----------+----------+----------+----------+----------+----------+----------+----------+----------+----------+----------+----------+----------+----------+----------+----------+----------+----------+----------+----------+----------+----------+----------+----------+----------+----------+----------+----------+----------+----------+----------+----------+----------+----------+----------+----------+----------+----------+----------+----------+
|0.0545285 |0.0697631 |0.0790637 |0.0790637 |0.0963181 |0.0963181 |0.099812  |0.097705  |0.0826845 |0.0826845 |0.0665071 |0.0608223 |0.0561784 |0.052297  |0.0489942 |0.046143  |0.0436524 |0.0414551 |0.0395002 |0.0377485 |0.0347367 |0.0334621 |0.0323044 |0.0312466 |0.0302752 |0.0293791 |0.028549  |0.0277772 |0.0270572 |0.0263837 |-0.12983  |-0.132898 |-0.136159 |-0.139635 |-0.143351 |-0.147334 |-0.151618 |-0.156243 |-0.161256 |-0.166714 |-0.179267 |-0.186658 |-0.19481  |-0.20385  |-0.213939 |-0.225279 |-0.238132 |-0.252846 |-0.269891 |-0.289922 |-0.343226 |-0.426713 |-0.470534 |-0.470534 |0.33243   |0.33243   |0.320794  |0.294939  |0.232351  |0.232351  |0.204898  |nan       |nan       |nan       |nan       |nan       |
+----------+----------+----------+----------+----------+----------+----------+----------+----------+----------+----------+----------+----------+----------+----------+----------+----------+----------+----------+----------+----------+----------+----------+----------+----------+----------+----------+----------+----------+----------+----------+----------+----------+----------+----------+----------+----------+----------+----------+----------+----------+----------+----------+----------+----------+----------+----------+----------+----------+----------+----------+----------+----------+----------+----------+----------+----------+----------+----------+----------+----------+----------+----------+----------+----------+----------+
|0.051092  |0.0653665 |0.0740809 |0.0740809 |0.0902479 |0.0902479 |0.0935217 |0.0915474 |0.0774736 |0.0774736 |0.0623157 |0.0569891 |0.0526379 |0.0490011 |0.0459065 |0.043235  |0.0409013 |0.0388425 |0.0370109 |0.0353695 |0.0325475 |0.0313533 |0.0302685 |0.0292774 |0.0283672 |0.0275276 |0.0267497 |0.0260266 |0.025352  |0.0247209 |-0.113291 |-0.115968 |-0.118814 |-0.121848 |-0.12509  |-0.128565 |-0.132304 |-0.136339 |-0.140714 |-0.145477 |-0.15643  |-0.16288  |-0.169994 |-0.177882 |-0.186686 |-0.196581 |-0.207797 |-0.220637 |-0.23551  |-0.25299  |-0.299503 |-0.372355 |-0.410594 |-0.410594 |0.398048  |0.398048  |0.384115  |0.353157  |0.278214  |0.278214  |0.245342  |nan       |nan       |nan       |nan       |nan       |
+----------+----------+----------+----------+----------+----------+----------+----------+----------+----------+----------+----------+----------+----------+----------+----------+----------+----------+----------+----------+----------+----------+----------+----------+----------+----------+----------+----------+----------+----------+----------+----------+----------+----------+----------+----------+----------+----------+----------+----------+----------+----------+----------+----------+----------+----------+----------+----------+----------+----------+----------+----------+----------+----------+----------+----------+----------+----------+----------+----------+----------+----------+----------+----------+----------+----------+
|0.0456463 |0.0583993 |0.0661849 |0.0661849 |0.0806287 |0.0806287 |0.0835535 |0.0817897 |0.069216  |0.069216  |0.0556737 |0.0509149 |0.0470274 |0.0437782 |0.0410135 |0.0386267 |0.0365418 |0.0347024 |0.033066  |0.0315996 |0.0290784 |0.0280114 |0.0270423 |0.0261568 |0.0253437 |0.0245935 |0.0238986 |0.0232525 |0.0226499 |0.022086  |-0.0958256|-0.0980898|-0.100497 |-0.103063 |-0.105805 |-0.108745 |-0.111907 |-0.11532  |-0.11902  |-0.123049 |-0.132314 |-0.13777  |-0.143786 |-0.150459 |-0.157905 |-0.166275 |-0.175762 |-0.186622 |-0.199203 |-0.213987 |-0.25333  |-0.314951 |-0.347294 |-0.347294 |-0.38019  |-0.38019  |0.450984  |0.414637  |0.326648  |0.326648  |0.288053  |nan       |nan       |nan       |nan       |nan       |
+----------+----------+----------+----------+----------+----------+----------+----------+----------+----------+----------+----------+----------+----------+----------+----------+----------+----------+----------+----------+----------+----------+----------+----------+----------+----------+----------+----------+----------+----------+----------+----------+----------+----------+----------+----------+----------+----------+----------+----------+----------+----------+----------+----------+----------+----------+----------+----------+----------+----------+----------+----------+----------+----------+----------+----------+----------+----------+----------+----------+----------+----------+----------+----------+----------+----------+
|0.0385263 |0.04929   |0.0558612 |0.0558612 |0.068052  |0.068052  |0.0705206 |0.0690319 |0.0584195 |0.0584195 |0.0469895 |0.042973  |0.0396919 |0.0369496 |0.0346161 |0.0326016 |0.0308419 |0.0292894 |0.0279083 |0.0266706 |0.0245426 |0.0236421 |0.0228241 |0.0220768 |0.0213905 |0.0207573 |0.0201708 |0.0196255 |0.0191169 |0.0186409 |-0.0775875|-0.0794207|-0.0813698|-0.0834472|-0.0856676|-0.0880478|-0.090608 |-0.0933718|-0.0963677|-0.0996299|-0.107131 |-0.111548 |-0.11642  |-0.121823 |-0.127852 |-0.134628 |-0.14231  |-0.151103 |-0.161289 |-0.17326  |-0.205115 |-0.255007 |-0.281195 |-0.281195 |-0.30783  |-0.30783  |-0.297055 |0.478837  |0.377224  |0.377224  |0.332654  |nan       |nan       |nan       |nan       |nan       |
+----------+----------+----------+----------+----------+----------+----------+----------+----------+----------+----------+----------+----------+----------+----------+----------+----------+----------+----------+----------+----------+----------+----------+----------+----------+----------+----------+----------+----------+----------+----------+----------+----------+----------+----------+----------+----------+----------+----------+----------+----------+----------+----------+----------+----------+----------+----------+----------+----------+----------+----------+----------+----------+----------+----------+----------+----------+----------+----------+----------+----------+----------+----------+----------+----------+----------+
|0.0300668 |0.038467  |0.0435953 |0.0435953 |0.0531093 |0.0531093 |0.0550358 |0.053874  |0.0455918 |0.0455918 |0.0366717 |0.0335371 |0.0309765 |0.0288363 |0.0270151 |0.025443  |0.0240697 |0.0228581 |0.0217802 |0.0208143 |0.0191536 |0.0184508 |0.0178125 |0.0172292 |0.0166936 |0.0161995 |0.0157417 |0.0153162 |0.0149192 |0.0145478 |-0.0587313|-0.0601191|-0.0615944|-0.063167 |-0.0648477|-0.0666495|-0.0685875|-0.0706796|-0.0729474|-0.0754168|-0.0810951|-0.0844387|-0.0881265|-0.092216 |-0.0967798|-0.101909 |-0.107724 |-0.11438  |-0.122091 |-0.131152 |-0.155265 |-0.193033 |-0.212856 |-0.212856 |-0.233018 |-0.233018 |-0.224861 |-0.206739 |0.429513  |0.429513  |0.378765  |nan       |nan       |nan       |nan       |nan       |
+----------+----------+----------+----------+----------+----------+----------+----------+----------+----------+----------+----------+----------+----------+----------+----------+----------+----------+----------+----------+----------+----------+----------+----------+----------+----------+----------+----------+----------+----------+----------+----------+----------+----------+----------+----------+----------+----------+----------+----------+----------+----------+----------+----------+----------+----------+----------+----------+----------+----------+----------+----------+----------+----------+----------+----------+----------+----------+----------+----------+----------+----------+----------+----------+----------+----------+
|0.0206026 |0.0263587 |0.0298728 |0.0298728 |0.036392  |0.036392  |0.0377121 |0.036916  |0.0312408 |0.0312408 |0.0251285 |0.0229806 |0.021226  |0.0197594 |0.0185116 |0.0174343 |0.0164933 |0.015663  |0.0149244 |0.0142626 |0.0131246 |0.012643  |0.0122056 |0.011806  |0.0114389 |0.0111003 |0.0107867 |0.0104951 |0.0102231 |0.00996858|-0.0394117|-0.0403429|-0.041333 |-0.0423883|-0.0435161|-0.0447252|-0.0460257|-0.0474296|-0.0489514|-0.0506085|-0.0544189|-0.0566627|-0.0591373|-0.0618816|-0.0649441|-0.0683864|-0.0722883|-0.076755 |-0.0819292|-0.0880099|-0.104191 |-0.129535 |-0.142837 |-0.142837 |-0.156367 |-0.156367 |-0.150893 |-0.138732 |0.483088  |0.483088  |0.42601   |nan       |nan       |nan       |nan       |nan       |
+----------+----------+----------+----------+----------+----------+----------+----------+----------+----------+----------+----------+----------+----------+----------+----------+----------+----------+----------+----------+----------+----------+----------+----------+----------+----------+----------+----------+----------+----------+----------+----------+----------+----------+----------+----------+----------+----------+----------+----------+----------+----------+----------+----------+----------+----------+----------+----------+----------+----------+----------+----------+----------+----------+----------+----------+----------+----------+----------+----------+----------+----------+----------+----------+----------+----------+
|0.0104687 |0.0133936 |0.0151792 |0.0151792 |0.0184918 |0.0184918 |0.0191626 |0.018758  |0.0158743 |0.0158743 |0.0127685 |0.0116771 |0.0107855 |0.0100403 |0.00940622|0.00885883|0.00838066|0.00795882|0.00758351|0.0072472 |0.00666897|0.00642427|0.006202  |0.00599893|0.00581243|0.00564039|0.00548101|0.00533284|0.00519462|0.0050653 |-0.0197831|-0.0202505|-0.0207475|-0.0212772|-0.0218434|-0.0224503|-0.0231031|-0.0238078|-0.0245716|-0.0254034|-0.0273161|-0.0284424|-0.0296846|-0.0310621|-0.0325994|-0.0343273|-0.0362858|-0.0385279|-0.0411252|-0.0441774|-0.0522997|-0.0650213|-0.0716985|-0.0716985|-0.0784899|-0.0784899|-0.0757424|-0.069638 |-0.0548602|-0.0548602|0.47401   |nan       |nan       |nan       |nan       |nan       |
+----------+----------+----------+----------+----------+----------+----------+----------+----------+----------+----------+----------+----------+----------+----------+----------+----------+----------+----------+----------+----------+----------+----------+----------+----------+----------+----------+----------+----------+----------+----------+----------+----------+----------+----------+----------+----------+----------+----------+----------+----------+----------+----------+----------+----------+----------+----------+----------+----------+----------+----------+----------+----------+----------+----------+----------+----------+----------+----------+----------+----------+----------+----------+----------+----------+----------+
|0         |0         |0         |0         |0         |0         |0         |0         |0         |0         |0         |0         |0         |0         |0         |0         |0         |0         |0         |0         |0         |0         |0         |0         |0         |0         |0         |0         |0         |0         |0         |0         |0         |0         |0         |0         |0         |0         |0         |0         |0         |0         |0         |0         |0         |0         |0         |0         |0         |0         |0         |0         |0         |0         |0         |0         |0         |0         |0         |0         |0         |nan       |nan       |nan       |nan       |nan       |
+----------+----------+----------+----------+----------+----------+----------+----------+----------+----------+----------+----------+----------+----------+----------+----------+----------+----------+----------+----------+----------+----------+----------+----------+----------+----------+----------+----------+----------+----------+----------+----------+----------+----------+----------+----------+----------+----------+----------+----------+----------+----------+----------+----------+----------+----------+----------+----------+----------+----------+----------+----------+----------+----------+----------+----------+----------+----------+----------+----------+----------+----------+----------+----------+----------+----------+
